0 0.496219 0.639887 0.0314262 0.018133
0 0.410276 0.148236 0.0344047 0.0209259
0 0.870076 0.511066 0.0360117 0.0210461
0 0.245331 0.203622 0.0323693 0.0185717
0 0.331086 0.28323 0.0309463 0.0161026
0 0.720871 0.850365 0.0391137 0.0254141
0 0.242925 0.152418 0.0349453 0.0211309
0 0.180994 0.0522541 0.038365 0.021035
3 0.177607 0.257562 0.0503496 0.025267
0 0.215371 0.220204 0.0286588 0.017442
0 0.687419 0.246175 0.0306373 0.0150165
0 0.534505 0.699049 0.0357641 0.0227455
0 0.835376 0.256887 0.02999 0.0186514
0 0.503055 0.148452 0.0334428 0.0201077
0 0.598185 0.190235 0.0304391 0.0145036
0 0.756419 0.698548 0.0366495 0.0235123
0 0.896195 0.257295 0.0332098 0.0201231
0 0.214007 0.183976 0.0294397 0.0178953
0 0.491213 0.398777 0.0237938 0.0143618
0 0.057418 0.0763507 0.0375378 0.0222756
0 0.835854 0.169954 0.0313694 0.0191372
